1100000010000000|0000011000000000
1100000010000000|0011011000000000|00043196
1100000010000000|0011011000000000
1100000010000000|0011011000000000
1100000010000000|0011011000000000
1100000010000000|0011011000000000
1100000010000000|0011011000000000
1100000010000000|0011011000000000
1100000010000000|0011011000000000
1100000010000000|0011011000000000
1100000010000000|0011011000000000
1100000010000000|0011011000000000
1100000010000000|0011011000000000
1100000010000000|0011011000000000
1100000010000000|0011011000000000
1100000010000000|0011011000000000
1100000010000000|0011011000000000
1100000010000000|0011011000000000
1100000010000000|0011011000000000
1100000010000000|0011011000000000
1100000010000000|0011011000000000
1100000010000000|0011011000000000
1100000010000000|0011011000000000
1100000010000000|0011011000000000
1100000010000000|0011011000000000
